Dataset	ScanNumber	ScanTime	ScanType	TotalIonIntensity	BasePeakIntensity	BasePeakMZ	BasePeakSignalToNoiseRatio	IonCount	IonCountRaw
141805	6000	33.08357	2	33933	731.26	1385.8495	39.86	267	1001
141805	6001	33.0893	2	88103	3731.9	935.1469	78.98	232	868
141805	6002	33.09451	2	133532	2231.1	922.5768	37.92	340	1155
141805	6003	33.09955	2	75406	1944.8	1213.0366	54.74	313	1174
141805	6004	33.10506	1	3.9310E+07	2.0116E+06	1244.5361	115.1	1097	1097
141805	6005	33.11082	2	88071	8295.1	932.636	96.72	107	409
141805	6006	33.11562	2	68675	4267.4	907.1768	75.34	131	525
141805	6007	33.12049	2	389531	36614	1122.4116	225.8	226	840
141805	6008	33.12517	2	373792	32065	1177.9243	271.6	291	1054
141805	6009	33.12992	2	75418	5296.6	848.4811	158	250	1046
141805	6010	33.1352	2	182163	5684.7	933.7614	77.27	296	1094
141805	6011	33.13996	2	17655	388.01	1401.8544	31.2	193	760
141805	6012	33.14595	2	759231	114582	1382.6223	709.6	272	961
141805	6013	33.15048	2	91540	3010.7	460.2677	72.81	310	1184
141805	6014	33.15591	2	29754	746.25	714.4594	48.2	276	1006
141805	6015	33.16182	1	3.6864E+07	866375	1243.8889	50.07	1149	1149
141805	6016	33.16794	2	388335	36286	1122.3624	377.9	365	1125
141805	6017	33.17287	2	80396	3330.3	1477.4108	97.15	290	1106
141805	6018	33.17818	2	31091	537.24	1420.5023	33.73	265	1009
141805	6019	33.18414	2	128413	9292.7	1181.3313	194.7	316	1217
141805	6020	33.18937	2	195790	6876	1277.5737	88.24	296	1124
141805	6021	33.19419	2	245697	30203	1382.5917	296.5	281	1034
141805	6022	33.19889	2	12679	195.57	888.6954	15.43	155	660
141805	6023	33.20498	2	172094	13146	1018.4006	175.2	286	1145
141805	6024	33.20989	2	209608	8737.3	1009.1848	109.6	321	1185
141805	6025	33.2148	2	75854	1623.3	1176.4596	41.66	299	1017
141805	6026	33.22018	1	3.5173E+07	1.0365E+06	896.8707	59.52	1111	1111
141805	6027	33.22617	2	458625	50123	1132.6833	380.2	288	967
141805	6028	33.23096	2	160874	9510.9	1506.0527	177.5	297	1124
141805	6029	33.23599	2	102650	7237	1060.8445	167.2	292	988
141805	6030	33.24123	2	108450	2715.4	1103.5645	51.41	308	1211
141805	6031	33.24628	2	29786	332.64	1137.7339	18.96	278	1078
141805	6032	33.25226	2	114833	2406.8	1150.7867	50.5	352	1258
141805	6033	33.25772	2	29308	2989.7	1125.2532	126.5	166	691
141805	6034	33.26319	2	83689	8155.4	788.134	189.6	264	906
141805	6035	33.26846	2	7824.3	888.27	1489.5833	85.4	82	350
141805	6036	33.2744	2	234440	27145	1363.8943	410.1	280	1008
141805	6037	33.27911	1	3.4947E+07	689945	824.9332	45.15	1122	1122
141805	6038	33.28495	2	48736	1532.9	1584.6163	71.5	273	1090
141805	6039	33.29075	2	72996	2365.3	1582.5588	74.49	266	963
141805	6040	33.29585	2	55035	1356	1063.7833	37.45	240	850
141805	6041	33.30122	2	51354	10709	458.3441	178.2	50	179
141805	6042	33.30616	2	192438	18954	1306.7224	260.5	267	942
141805	6043	33.31095	2	89479	9523.1	856.6509	205.3	199	732
141805	6044	33.31598	2	440812	14625	1284.8158	89.09	323	1138
141805	6045	33.32058	2	101807	3908.2	1420.4641	90.51	280	1046
141805	6046	33.32563	2	116166	2549	844.8237	39.46	268	989
141805	6047	33.33059	2	147669	3333.7	1060.0039	51.3	330	1135
141805	6048	33.33559	1	3.9573E+07	1.6442E+06	825.0975	91.2	1133	1133
141805	6049	33.34175	2	79786	980.21	1101.7959	33.73	386	1297
141805	6050	33.34781	2	564060	61967	1132.5618	290.5	166	607
141805	6051	33.3524	2	101414	1149.1	1437.4934	24.6	330	1168
141805	6052	33.35757	2	690173	42298	898.3497	115.9	179	633
141805	6053	33.36209	2	62154	2469.6	1420.5538	79.67	246	911
141805	6054	33.3672	2	144072	14642	1018.4995	248.4	273	1074
141805	6055	33.37212	2	67028	2098.4	1079.1648	61.34	316	1066
141805	6056	33.37763	2	66683	747.72	1115.6514	23.49	355	1236
141805	6057	33.38326	2	65013	2738.6	1580.5045	87.06	292	1110
141805	6058	33.38888	2	75729	1624.1	873.308	42.48	268	986
141805	6059	33.39415	1	4.1256E+07	1.1854E+06	824.6422	66.86	1097	1097
141805	6060	33.40026	2	439040	27725	547.3021	76.96	106	307
141805	6061	33.40482	2	333104	46668	848.4291	492.8	233	799
141805	6062	33.4094	2	14868	744.38	1135.5095	55.57	139	511
141805	6063	33.41528	2	116713	6035.8	693.7392	127.6	298	1074
141805	6064	33.42034	2	1.3075E+06	80847	787.7068	159.6	240	755
141805	6065	33.42488	2	146590	20639	1060.3253	331.5	227	822
141805	6066	33.42986	2	169598	13604	547.3381	162.7	104	308
141805	6067	33.4347	2	17045	330.84	847.2943	17.74	144	629
141805	6068	33.44039	2	141637	21048	848.4148	365.4	184	732
141805	6069	33.44512	2	178189	5059.8	1090.7382	57.89	257	877
141805	6070	33.44984	1	4.1478E+07	2.0955E+06	825.0558	105.1	1088	1088
141805	6071	33.45578	2	751431	87803	848.4268	481.8	233	752
141805	6072	33.46042	2	161969	5436.8	1582.5402	72.28	220	799
141805	6073	33.4651	2	150009	10281	857.5367	107.6	128	495
141805	6074	33.46983	2	10934	253.5	995.0288	16.13	100	460
141805	6075	33.47546	2	139013	2586.7	920.3057	39.38	307	1069
141805	6076	33.48053	2	88281	2461	1385.5493	52.97	243	995
141805	6077	33.4855	2	19990	408.35	871.1786	20.18	156	627
141805	6078	33.49097	2	22456	440.03	937.9072	25.56	204	734
141805	6079	33.49672	2	22808	771.65	1135.447	44.39	178	635
141805	6080	33.50262	2	51273	533.26	932.3095	17.26	277	957
141805	6081	33.5084	1	3.5269E+07	1.8302E+06	825.1486	104.2	1020	1020
141805	6082	33.51498	2	556286	66229	848.4235	307.4	183	598
141805	6083	33.51958	2	94900	8030.9	960.3729	164.1	203	792
141805	6084	33.52475	2	263828	15855	866.6501	124.7	166	555
141805	6085	33.52939	2	247476	8973.4	1363.5636	93.93	326	1146
141805	6086	33.53409	2	207798	7748.4	1268.5563	101.3	292	977
141805	6087	33.53905	2	22149	222.53	892.3985	13.55	220	861
141805	6088	33.54514	2	180775	5185.3	693.3302	77.76	285	1065
141805	6089	33.55011	2	281813	20106	931.163	121.1	140	489
141805	6090	33.55481	2	20317	2234.5	401.3161	123.5	94	321
141805	6091	33.56057	2	103714	3052	1212.8147	63.66	333	1239
141805	6092	33.56593	1	3.6886E+07	1.4740E+06	825.0156	83.64	1036	1036
141805	6093	33.57259	2	384786	33507	1122.3429	322	340	1141
141805	6094	33.57756	2	441176	16892	1193.5947	121.1	304	948
141805	6095	33.58229	2	119751	2877.6	935.0581	44.18	268	961
141805	6096	33.58735	2	121776	3451.1	1279.4589	59.2	260	981
141805	6097	33.59225	2	37000	3563	1124.0211	165.9	205	799
141805	6098	33.59798	2	63927	2097.2	995.7601	70.99	318	1179
141805	6099	33.60363	2	24228	350.42	873.3217	17.29	176	785
141805	6100	33.60943	2	165405	5783	744.2205	80.38	339	1221
141805	6101	33.6144	2	53629	1276.8	1131.3977	50.02	321	1191
141805	6102	33.62011	2	154605	1794.4	743.9585	24.52	347	1197
141805	6103	33.62497	1	4.0586E+07	3.2336E+06	794.7196	180.9	1103	1103
141805	6104	33.63087	2	176706	7757.6	1363.5653	141.6	370	1409
141805	6105	33.63653	2	211825	16304	1174.7966	235.6	288	1020
141805	6106	33.64147	2	82043	1913.8	1052.5037	44.1	256	902
141805	6107	33.64671	2	1.7849E+06	231379	848.4591	684.6	239	808
141805	6108	33.65111	2	144593	20015	1174.287	319.5	230	878
141805	6109	33.65598	2	28811	644.32	1199.5922	40.08	246	978
141805	6110	33.66197	2	230773	19560	831.4409	172.8	236	856
141805	6111	33.6668	2	77035	1833.7	1134.8162	50.84	343	1112
141805	6112	33.6723	2	130191	2303.6	1422.4899	44.09	335	1199
141805	6113	33.67741	2	56982	2987.2	1192.8264	117.1	308	1128
141805	6114	33.68295	1	3.8843E+07	1.7229E+06	795.0187	93.85	1068	1068
141805	6115	33.68916	2	129851	6673.9	1103.483	143.7	338	1319
141805	6116	33.6946	2	45328	755.18	860.1167	23.91	212	872
141805	6117	33.70005	2	187489	3758.7	1221.9679	49.29	352	1157
141805	6118	33.70489	2	47529	673.87	1134.5383	24.18	275	1009
141805	6119	33.71033	2	72993	1972.5	971.6786	63.48	324	1222
141805	6120	33.7158	2	193045	6151	836.6247	102	289	1016
141805	6121	33.721	2	101372	1281	1351.7993	28.28	326	1272
141805	6122	33.72624	2	36386	2051.9	1192.7805	107.9	270	1090
141805	6123	33.73226	2	975457	69015	768.0264	184.8	197	652
141805	6124	33.73682	2	72586	698.38	1286.6541	20.71	340	1190
141805	6125	33.74236	1	3.5753E+07	1.7549E+06	794.7448	101.3	1071	1071
141805	6126	33.74864	2	101725	2387.9	1221.98	69.62	395	1357
141805	6127	33.75468	2	147720	7413.6	831.3564	94.07	260	862
141805	6128	33.75954	2	142096	5663.3	1043.6173	91.7	298	977
141805	6129	33.76454	2	104115	2794.6	1179.6744	46.14	239	890
141805	6130	33.76951	2	79637	1960.7	1100.9131	52.78	302	1121
141805	6131	33.77484	2	173509	20629	1176.3711	340.3	306	1021
141805	6132	33.77992	2	48702	2001.8	1229.0432	109.1	280	981
141805	6133	33.78578	2	78131	1957.3	975.5521	58.4	363	1211
141805	6134	33.79144	2	97857	1521.2	994.3881	32.54	318	1047
141805	6135	33.79654	2	43331	605.6	1053.6655	25.39	283	1163
141805	6136	33.80249	1	4.1988E+07	3.4058E+06	932.7823	182.4	1121	1121
141805	6137	33.80845	2	22546	936.45	946.4867	36.78	103	404
141805	6138	33.81341	2	3460.9	127.38	966.6359	8.554	35	139
141805	6139	33.81881	2	218125	38719	1336.61	664.5	333	1153
141805	6140	33.82376	2	108614	1741	1031.8284	31.35	274	975
141805	6141	33.82887	2	160555	60668	890.9333	1370	295	1006
141805	6142	33.83408	2	33179	541.65	1130.8829	32.35	289	1067
141805	6143	33.84006	2	36132	361.14	1002.4631	18.15	274	1078
141805	6144	33.84605	2	105653	10576	1128.8619	252.2	244	953
141805	6145	33.85125	2	126366	3559.9	787.6539	48.21	227	826
141805	6146	33.8561	2	52979	621.05	1094.1006	22.27	312	1182
141805	6147	33.86163	1	3.6291E+07	3.4934E+06	932.8656	207.2	1064	1064
141805	6148	33.86755	2	89811	3704.2	1268.5494	89.4	263	928
141805	6149	33.87278	2	191513	12990	1296.8224	192.2	315	1057
141805	6150	33.87769	2	182801	3636	1364.5482	48.44	322	1193
141805	6151	33.88251	2	73990	3215.7	1093.4414	88.84	275	1025
141805	6152	33.88779	2	103571	8756.6	958.0271	198.5	252	995
141805	6153	33.89297	2	131447	13569	1175.8894	290.4	242	822
141805	6154	33.89797	2	11012	161.18	820.9296	12.77	142	586
141805	6155	33.9041	2	73139	1040.1	1622.4956	37.44	346	1197
141805	6156	33.90971	2	44272	887.79	1240.5818	35.84	274	980
141805	6157	33.91523	2	24938	1532.6	1228.7947	115.2	189	777
141805	6158	33.92111	1	3.8167E+07	4.4998E+06	932.7991	264.2	1053	1053
141805	6159	33.92699	2	45112	1987	1143.3167	89.55	190	714
141805	6160	33.93224	2	56714	1077.5	1429.6189	39.2	332	1132
141805	6161	33.93781	2	118047	3118.8	1045.7573	63.42	315	1155
141805	6162	33.94293	2	79211	3574.2	937.7162	80.22	218	813
141805	6163	33.94809	2	22754	752.15	1385.8436	55.04	203	841
141805	6164	33.95408	2	80776	3457.4	873.694	79.38	235	858
141805	6165	33.95947	2	53839	1119.2	908.4183	39.49	265	923
141805	6166	33.96477	2	51388	520.04	1115.9226	17.74	288	1164
141805	6167	33.97039	2	126264	12058	976.5718	244	306	1128
141805	6168	33.9756	2	62528	1806.6	929.5197	60.5	289	1016
141805	6169	33.9811	1	3.6184E+07	4.0859E+06	932.7723	247.7	1103	1103
141805	6170	33.9878	2	308005	9578.8	1134.3279	101.1	294	946
141805	6171	33.9926	2	306943	9490.4	814.3807	76.32	257	881
141805	6172	33.99728	2	256392	72987	890.7712	955.5	233	885
141805	6173	34.0021	2	425497	34789	766.9901	190.2	195	675
141805	6174	34.00678	2	186406	15496	1042.3555	229.1	268	957
141805	6175	34.01165	2	154859	15632	1042.298	279.9	278	949
141805	6176	34.01656	2	94861	4046.8	1143.3447	120.5	241	890
141805	6177	34.02165	2	197713	3214.7	1189.5587	37.4	347	1234
141805	6178	34.0265	2	7777.9	178.31	839.2338	13.08	82	393
141805	6179	34.03218	2	10680	334.41	874.2766	30.87	141	573
141805	6180	34.03819	1	3.3951E+07	2.9002E+06	932.8165	206.5	1115	1115
141805	6181	34.04448	2	179918	33329	1336.2797	607.7	283	1074
141805	6182	34.04946	2	97027	5632	899.458	131.1	275	1041
141805	6183	34.05454	2	313663	12014	1223.5043	102.6	252	858
141805	6184	34.05922	2	75230	3032.9	1420.326	83.47	295	1088
141805	6185	34.06465	2	61596	1923.9	1429.1626	59.01	294	1112
141805	6186	34.07001	2	64733	926.84	968.7383	30.44	328	1173
141805	6187	34.07564	2	145098	2760.5	1429.1991	48.11	333	1171
141805	6188	34.08069	2	131454	1858.8	984.6986	29.56	318	1238
141805	6189	34.08582	2	61077	573.57	1015.7294	17.48	317	1166
141805	6190	34.09131	2	108675	2361.5	935.4941	44.14	290	1102
141805	6191	34.09634	1	3.0129E+07	1.1074E+06	932.7272	81.02	1139	1139
141805	6192	34.10274	2	56703	1697.5	1029.4711	60.36	260	944
141805	6193	34.10795	2	116085	5416.7	799.2502	113.5	276	970
141805	6194	34.11317	2	31480	360.55	1010.6523	14.37	207	807
141805	6195	34.11876	2	117120	5216.6	976.4522	79.5	212	776
141805	6196	34.12374	2	102286	2504.2	1121.4768	44.88	237	883
141805	6197	34.12882	2	24484	421.98	1178.6049	22.22	183	755
141805	6198	34.13449	2	39587	1606	1434.4479	77.24	270	1063
141805	6199	34.14031	2	45599	999.44	1101.2944	44.34	303	1110
141805	6200	34.14617	2	75279	856.06	792.6063	23.48	333	1223
141805	6201	34.15185	2	47887	517.44	1382.4166	22.78	320	1226
141805	6202	34.1578	1	2.6801E+07	456290	803.4958	37.07	1150	1150
141805	6203	34.16422	2	53034	1090	1533.7657	44.32	307	1198
141805	6204	34.17021	2	135540	9394.6	1109.2433	148.3	241	900
141805	6205	34.17525	2	83601	1882.9	788.3056	38.57	268	933
141805	6206	34.18049	2	62701	1591.5	935.9268	45.61	272	963
141805	6207	34.18586	2	39181	596.23	981.5264	24.66	243	891
141805	6208	34.19164	2	95280	1518	1318.8521	38.19	352	1238
141805	6209	34.19716	2	16205	304.97	881.1981	23.83	199	765
141805	6210	34.20325	2	169664	9252.6	1420.8026	143.2	314	1094
141805	6211	34.20821	2	64144	829.37	969.544	24.8	309	1048
141805	6212	34.21402	2	288906	18885	1122.7432	132.8	228	843
141805	6213	34.21862	1	3.0146E+07	503134	803.5696	34.88	1157	1157
141805	6214	34.22461	2	442811	17893	1277.8523	143.8	369	1249
141805	6215	34.22942	2	56241	866.01	1121.3977	28.18	268	950
141805	6216	34.23508	2	158399	10017	1182.8545	143.4	296	1043
141805	6217	34.23997	2	61206	2024.9	1132.2761	74.06	326	1209
141805	6218	34.2455	2	13762	286.98	1016.5125	23.09	167	688
141805	6219	34.2516	2	232341	5707.4	744.5597	66.44	336	1168
141805	6220	34.2564	2	71066	704.9	1091.2424	20.63	348	1219
141805	6221	34.26202	2	12445	242.33	1469.5458	20.8	159	689
141805	6222	34.26803	2	47117	873	1066.8523	35.96	309	1141
141805	6223	34.27367	2	33491	730.58	1084.7955	36.31	259	947
141805	6224	34.27943	1	2.8357E+07	446569	803.6852	30.19	1123	1123
141805	6225	34.28534	2	347770	9981.3	1277.6724	93.58	347	1249
141805	6226	34.29022	2	105931	4145.8	895.0338	98.59	320	1149
141805	6227	34.29545	2	78971	1225.7	1574.9127	32.51	320	1200
141805	6228	34.30087	2	127795	1269.7	1195.4324	21.93	338	1192
141805	6229	34.30609	2	32913	465.4	899.6733	24.27	261	1001
141805	6230	34.31216	2	40294	512.46	1032.3043	23.88	301	1161
141805	6231	34.31817	2	13021	323.67	1513.9872	29.51	164	647
141805	6232	34.32414	2	18128	694.59	1228.7474	52.01	179	783
141805	6233	34.3301	2	95218	1491.2	876.1575	36.91	345	1224
141805	6234	34.33562	2	79978	1125.8	1103.762	29.18	335	1243
141805	6235	34.34101	1	2.2969E+07	301274	750.3257	24.56	1075	1075
141805	6236	34.34653	2	101390	1865.2	1277.5889	43.88	361	1314
141805	6237	34.35211	2	17335	1292.2	1564.0507	102.6	133	519
141805	6238	34.35806	2	76880	1191.8	811.4258	20.38	219	819
141805	6239	34.36304	2	87036	3135.4	1269.4103	91.1	330	1074
141805	6240	34.36859	2	68385	1092.7	920.0269	31.31	288	1088
141805	6241	34.37411	2	80572	1784.6	988.1145	41.28	257	932
141805	6242	34.37943	2	42494	312.65	1110.303	14.09	329	1221
141805	6243	34.38543	2	145751	8903.7	921.0742	138.2	290	1089
141805	6244	34.39048	2	65604	1233.7	794.842	32.25	253	912
141805	6245	34.39594	2	17284	349.72	736.2387	23.45	173	733
141805	6246	34.40195	1	2.7234E+07	386864	1099.5488	29.83	1127	1127
141805	6247	34.40757	2	214263	4975.7	1140.7798	66.93	335	1140
141805	6248	34.41267	2	138558	8612.2	848.4349	155.3	276	1029
141805	6249	34.4176	2	161921	3464	1573.3226	53.12	328	1149
141805	6250	34.42248	2	61679	13815	634.5548	333.6	115	384
141805	6251	34.42752	2	90307	5700.8	848.4313	170.8	318	1096
141805	6252	34.43274	2	76578	2544.1	891.744	77.88	310	1080
141805	6253	34.43822	2	641271	25620	912.4785	123.7	309	1074
141805	6254	34.44281	2	38254	1029.6	954.5792	44.25	237	824
141805	6255	34.44835	2	92927	4951.7	1590.6454	131.2	297	1205
141805	6256	34.45362	2	151244	9254.4	1199.9438	177	276	901
141805	6257	34.45855	1	2.8726E+07	444676	750.3126	36.43	1153	1153
141805	6258	34.4643	2	361527	22212	857.4811	142.1	166	508
141805	6259	34.46892	2	75279	2233.4	978.2971	63.96	240	880
141805	6260	34.4743	2	198683	18508	932.5578	138.5	137	480
141805	6261	34.47897	2	120379	3560.8	1592.653	62.28	292	1120
141805	6262	34.48393	2	109191	3007.9	921.8221	42.07	187	728
141805	6263	34.48883	2	93701	5807.3	1590.6776	158.4	338	1241
141805	6264	34.49434	2	198492	25099	1317.9224	346.2	261	959
141805	6265	34.49914	2	11716	206.42	1164.2219	16.81	143	612
141805	6266	34.50526	2	117243	7676.6	918.7288	179.9	328	1165
141805	6267	34.5108	2	57295	1132.2	739.7349	35.06	288	994
141805	6268	34.51654	1	2.8537E+07	716230	1099.26	50.64	1074	1074
141805	6269	34.52262	2	302767	31371	401.3458	177.2	124	385
141805	6270	34.52743	2	135711	7394	848.417	82.36	197	732
141805	6271	34.53224	2	137131	9927.6	818.7119	126.6	151	552
141805	6272	34.53702	2	156708	2644.6	1357.9127	36.58	327	1190
141805	6273	34.54204	2	124474	12051	826.1609	182.1	191	670
141805	6274	34.54696	2	337362	19024	857.4911	134.8	162	527
141805	6275	34.55162	2	63834	1140.3	491.4013	36.07	305	1075
141805	6276	34.55771	2	49171	861.18	1075.3206	28.17	257	992
141805	6277	34.56329	2	51770	3054.7	1195.3	122	265	952
141805	6278	34.56893	2	97439	3087.7	1264.1931	71.93	329	1144
141805	6279	34.57407	1	2.6985E+07	837125	1193.1804	60.83	1098	1098
141805	6280	34.58001	2	120257	2430.5	1236.4854	50.94	367	1174
141805	6281	34.58535	2	133455	15541	1018.4808	289.6	270	1059
141805	6282	34.59032	2	122915	3742.2	776.0919	75.37	284	931
141805	6283	34.59557	2	280334	13572	1123.335	122.5	275	905
141805	6284	34.60031	2	164202	5508.6	744.1728	83.26	359	1266
141805	6285	34.60541	2	94391	2220.2	1321.8729	55	304	1076
141805	6286	34.61105	2	14286	1620.9	432.2883	123.5	120	410
141805	6287	34.61727	2	60932	3006	993.5152	100.9	273	959
141805	6288	34.62291	2	34962	923.04	1505.553	47.63	281	1075
141805	6289	34.62877	2	136762	6399.8	1219.5912	124.1	298	1094
141805	6290	34.63364	1	3.1125E+07	1.0622E+06	1193.3029	70.95	1092	1092
141805	6291	34.63984	2	390026	23434	1299.8856	195.4	356	1224
141805	6292	34.64463	2	888446	35117	1296.3207	147.9	311	1111
141805	6293	34.64911	2	246846	13820	1192.8846	171	309	1094
141805	6294	34.65385	2	78547	650.29	1221.7286	16.58	318	1207
141805	6295	34.65921	2	193030	19978	1182.3765	236.2	292	1045
141805	6296	34.66411	2	23264	414.65	1060.0298	22.38	185	748
141805	6297	34.67002	2	61791	5602.6	1174.2927	202.9	252	963
141805	6298	34.67561	2	152369	6857.3	666.3387	73.52	156	594
141805	6299	34.68037	2	85099	3691.1	993.4727	93.14	268	995
141805	6300	34.68571	2	181058	13884	1219.5872	214.1	237	1005
141805	6301	34.69044	1	3.1861E+07	895800	1193.3656	56.73	1137	1137
141805	6302	34.69621	2	623241	20798	1296.3309	147.2	357	1257
141805	6303	34.70085	2	298212	14588	1299.6959	105.5	289	995
141805	6304	34.70549	2	84587	3084	1193.0984	79.52	264	1042
141805	6305	34.71058	2	45303	1195.7	1505.7714	53.18	278	1117
141805	6306	34.71631	2	82127	1709.3	1267.3755	38.76	294	1120
141805	6307	34.7215	2	46062	961.42	991.6206	44.46	320	1196
141805	6308	34.72749	2	15915	402.59	1547.0032	34.24	192	793
141805	6309	34.73346	2	70479	1416.7	1621.6324	50.93	318	1205
141805	6310	34.73915	2	119876	3204.8	805.1055	51.18	261	884
141805	6311	34.74419	2	75634	1933	1090.0463	54.47	323	1200
141805	6312	34.74956	1	3.1347E+07	603564	1099.5067	38.21	1141	1141
141805	6313	34.75564	2	626028	30609	1398.8828	192.9	391	1417
141805	6314	34.76045	2	99198	3182.8	1097.1648	48.84	186	652
141805	6315	34.76529	2	68060	1786.2	1184.2428	56.76	287	1043
141805	6316	34.77087	2	25044	296.15	1179.5521	20.17	262	985
141805	6317	34.77689	2	150842	9611.9	1240.8064	178.5	379	1260
141805	6318	34.78227	2	25658	429.06	1682.3668	27.61	244	950
141805	6319	34.78831	2	159628	4781.6	1219.7638	77.14	350	1124
141805	6320	34.79339	2	52793	743.48	743.4622	30.19	335	1171
141805	6321	34.79916	2	52994	1289.9	1066.8073	51.65	276	1179
141805	6322	34.80487	2	48175	702.05	1551.6744	29.46	301	1169
141805	6323	34.81082	1	3.1130E+07	902326	1099.395	60.29	1102	1102
141805	6324	34.81731	2	68750	4059.7	993.5413	129.9	280	956
141805	6325	34.82286	2	108619	5856.4	1313.1273	129.5	319	1170
141805	6326	34.82808	2	101142	2766.4	1122.0239	43.43	215	786
141805	6327	34.83296	2	58380	1671.5	1200.0454	56.13	266	981
141805	6328	34.83842	2	102429	2389.4	894.0981	50.31	317	1135
141805	6329	34.8438	2	68643	1552.3	904.6517	56.05	362	1259
141805	6330	34.84987	2	85131	12279	1146.4595	363.8	298	1044
141805	6331	34.85508	2	43895	3116.2	1126.0347	145	288	1104
141805	6332	34.86108	2	50221	776.98	948.5529	32.03	320	1203
141805	6333	34.86713	2	78843	1582	922.8018	31.73	239	883
141805	6334	34.87217	1	3.0487E+07	1.1982E+06	1099.4685	80.22	1100	1100
141805	6335	34.87848	2	45185	867.39	958.0857	37.02	300	1120
141805	6336	34.88456	2	259632	6781.3	1433.2922	64.28	284	1053
141805	6337	34.88929	2	186023	4674.5	1268.5974	70.44	336	1132
141805	6338	34.89423	2	22088	421.89	1227.4054	29.17	235	856
141805	6339	34.90024	2	358958	8329.7	831.5148	55.9	283	989
141805	6340	34.90493	2	62268	1213.7	1370.5826	27.01	215	767
141805	6341	34.91003	2	59650	1307.8	1621.4575	51.01	343	1278
141805	6342	34.91574	2	74174	1712.9	979.5529	49.38	319	1176
141805	6343	34.92125	2	30936	502.87	912.6697	24.54	226	899
141805	6344	34.92704	2	51121	611.93	1106.2546	20.58	283	1098
141805	6345	34.93247	1	3.3021E+07	2.0653E+06	1099.3574	135.2	1141	1141
141805	6346	34.93825	2	157840	13675	982.6981	291.1	327	1060
141805	6347	34.94371	2	239793	4793.1	687.6659	49.12	302	1061
141805	6348	34.9485	2	146394	2866.8	1338.4858	44.83	319	1161
141805	6349	34.95352	2	117063	4338.1	1148.3568	87.43	296	1185
141805	6350	34.95871	2	72085	10318	1145.7852	352.2	288	1064
141805	6351	34.96408	2	58690	1234.9	1367.4869	36.35	260	944
141805	6352	34.96948	2	90474	1473.9	1103.6814	35.84	345	1205
141805	6353	34.97487	2	73569	691.82	948.4651	19.13	325	1155
141805	6354	34.98024	2	75163	1100.9	1054.9133	30.49	318	1225
141805	6355	34.98569	2	75482	2929.4	1163.5211	75.55	272	976
141805	6356	34.99089	1	2.9907E+07	1.1739E+06	1099.5879	83.84	1114	1114
141805	6357	34.99673	2	48470	5464.3	1180.4922	312.2	212	733
141805	6358	35.00262	2	96459	7960.6	1180.3474	204	231	860
141805	6359	35.00785	2	357245	12105	814.4544	89.34	290	970
141805	6360	35.01255	2	57562	1599.4	985.8927	61.67	336	1174
141805	6361	35.0186	2	50998	1362.5	1365.4457	51.41	309	1186
141805	6362	35.02448	2	91807	1812.4	1146.9755	45.38	294	1063
141805	6363	35.02986	2	150800	1937.1	1465.6893	29.95	317	1100
141805	6364	35.03488	2	114020	1351.5	1251.3929	24.14	316	1170
141805	6365	35.03999	2	21686	491.29	1552.6545	36.27	212	924
141805	6366	35.04594	2	167173	14004	894.6196	239.8	321	1109
141805	6367	35.05099	1	2.8180E+07	1.2890E+06	1099.1826	88.62	1111	1111
141805	6368	35.05662	2	675761	24037	814.4993	124.2	314	1021
141805	6369	35.06123	2	161093	6708.6	1309.5481	96.99	275	1110
141805	6370	35.06614	2	133964	1891.8	877.7682	32.89	312	1087
141805	6371	35.07117	2	508440	30184	1399.3516	171.8	352	1178
141805	6372	35.07579	2	56606	840.12	974.1375	21.74	235	907
141805	6373	35.08121	2	12978	158.22	857.7601	12.12	160	594
141805	6374	35.08707	2	68993	1726.5	829.4437	46.86	264	953
141805	6375	35.09243	2	76983	1213.6	830.6334	30.07	267	946
141805	6376	35.09777	2	166863	5212.1	1329.8037	89.47	293	1084
141805	6377	35.10281	2	135138	2181.6	1102.3545	37.09	338	1144
141805	6378	35.10786	1	2.9799E+07	970810	1099.3093	60.79	1100	1100
141805	6379	35.11354	2	98530	6735.1	853.3447	85.01	107	351
141805	6380	35.1183	2	68324	4585.9	1009.9855	148.3	225	871
141805	6381	35.12368	2	23076	905.77	1545.9329	63.02	204	804
141805	6382	35.12963	2	77996	1955.1	1053.2781	54.3	303	1078
141805	6383	35.13518	2	50345	3061.6	1763.7623	137.6	294	1131
141805	6384	35.14098	2	48148	676.58	1112.6097	30.46	311	1051
141805	6385	35.14709	2	121462	8695	1174.9896	195.8	305	1100
141805	6386	35.15247	2	82851	2764.4	1148.3743	69.35	305	1121
141805	6387	35.15771	2	64118	657.75	1089.7554	18.38	291	1132
141805	6388	35.16305	2	78584	1814.7	921.1965	53.33	327	1084
141805	6389	35.16838	1	2.9254E+07	732001	919.2561	52.67	1170	1170
141805	6390	35.17416	2	251239	15424	1122.7678	199.8	331	1142
141805	6391	35.1793	2	88965	1663.2	1880.5629	36.77	303	1182
141805	6392	35.18457	2	31953	1299.1	836.3915	80.56	233	905
141805	6393	35.19046	2	53409	1271	654.3143	38.3	224	853
141805	6394	35.19583	2	58860	3047	1072.5444	102.9	256	945
141805	6395	35.20145	2	26228	925.34	934.2041	57.7	226	909
141805	6396	35.20744	2	82808	1197.9	1104.3718	24.69	257	938
141805	6397	35.21264	2	104753	4144.9	864.7735	85.62	292	1000
141805	6398	35.21777	2	44221	351.98	1108.2351	14.68	300	1210
141805	6399	35.22382	2	50492	839.59	1095.0396	35.87	341	1214
141805	6400	35.2297	1	2.7176E+07	367215	919.4451	25.27	1148	1148
141805	6401	35.23591	2	100693	3267.4	1234.7306	71.7	301	1008
141805	6402	35.24115	2	63404	507.09	970.3473	16.25	359	1244
141805	6403	35.24683	2	90588	1272.8	732.3903	29.25	333	1187
141805	6404	35.25225	2	69798	1244	1089.7537	33.36	299	1069
141805	6405	35.25772	2	35653	1474.8	1146.5156	82.42	310	1089
141805	6406	35.26371	2	158971	7382	744.1988	117.2	340	1161
141805	6407	35.26868	2	163080	2189.2	1209.9119	34.22	379	1290
141805	6408	35.2739	2	35951	463.12	1101.5449	23.29	279	1055
141805	6409	35.27976	2	22141	189.73	1084.4315	12.63	227	934
141805	6410	35.28576	2	67095	597.95	1087.3444	18.79	350	1263
141805	6411	35.29143	1	2.7199E+07	219292	876.6602	15.95	1158	1158
141805	6412	35.29798	2	30154	1364.1	1137.7949	70.86	235	897
141805	6413	35.30402	2	73423	4963.2	1186.2246	145.5	240	857
141805	6414	35.30927	2	106134	1955.1	956.6499	42.3	316	1153
141805	6415	35.31446	2	119653	4947.9	682.6885	98.19	318	1088
141805	6416	35.31961	2	64376	539.68	1033.7611	16.85	327	1230
141805	6417	35.32525	2	107165	1825.1	1353.3507	33.09	272	1010
141805	6418	35.33024	2	116995	1181.3	1401.4319	24.67	359	1267
141805	6419	35.33549	2	75408	3985.4	1764.7493	139	304	1196
141805	6420	35.34106	2	68639	618.66	1104.2466	20.48	375	1280
141805	6421	35.34692	2	113424	12212	982.6528	198.7	184	734
141805	6422	35.35175	1	2.7306E+07	355618	876.9518	27.35	1195	1195
141805	6423	35.357	2	424021	42022	1072.8311	397.7	267	919
141805	6424	35.36177	2	174894	6637.1	1223.4841	93.08	272	985
141805	6425	35.36664	2	282785	37102	1072.2043	334.2	230	813
141805	6426	35.37141	2	102526	2342.6	1268.8942	48.62	301	1058
141805	6427	35.37664	2	27306	252.55	951.0705	12.65	213	809
141805	6428	35.38247	2	89941	3579.9	1567.5798	96.49	264	1039
141805	6429	35.38759	2	74581	1618.2	1184.5814	38.12	241	893
141805	6430	35.39282	2	70565	547.46	1276.7928	16.26	344	1251
141805	6431	35.39843	2	42254	938.81	1188.543	40.89	271	985
141805	6432	35.40416	2	184933	5983.3	921.0342	88.31	354	1184
141805	6433	35.40902	1	2.4294E+07	355503	876.7312	26.82	1084	1084
141805	6434	35.41509	2	143130	4131.7	966.8911	94.09	424	1367
141805	6435	35.42065	2	75354	2222.9	954.6469	60.32	272	940
141805	6436	35.426	2	252532	10785	1122.963	108.2	288	943
141805	6437	35.43083	2	22774	365.43	1243.6273	22.05	191	763
141805	6438	35.43671	2	317897	5706.2	1398.8757	49.84	358	1182
141805	6439	35.44145	2	59134	796.63	922.9379	27.45	307	1154
141805	6440	35.44723	2	83768	8350.2	851.4749	146.9	142	577
141805	6441	35.45211	2	77052	3260.7	848.4459	96.68	295	1159
141805	6442	35.45745	2	73314	1921.5	838.1497	60.46	332	1150
141805	6443	35.46328	2	106414	1115.3	1351.5238	23.59	371	1238
141805	6444	35.46851	1	2.7695E+07	560416	876.9701	44.98	1146	1146
141805	6445	35.4745	2	389407	76193	1241.6965	1054	375	1303
141805	6446	35.4798	2	94412	2951.5	740.0112	58.22	260	906
141805	6447	35.48501	2	125423	5549.8	1393.5763	94.84	292	1109
141805	6448	35.48993	2	65402	2534	848.4493	91.47	314	1193
141805	6449	35.49546	2	48920	880.38	1287.4858	36.55	290	1132
141805	6450	35.50108	2	151454	8413	682.6171	140.2	306	1049
141805	6451	35.50617	2	67580	1428.6	1621.5433	47.23	306	1187
141805	6452	35.51172	2	130716	9076.3	1317.9402	183.5	314	1135
141805	6453	35.51696	2	67409	898.49	1060.986	29.54	358	1199
141805	6454	35.52255	2	141824	29905	976.721	540.2	187	652
141805	6455	35.52734	1	2.8705E+07	508867	876.8707	38.96	1164	1164
141805	6456	35.53316	2	66341	1132.4	1322.6655	36.82	346	1266
141805	6457	35.53922	2	82546	9366.2	1093.926	243.4	309	1182
141805	6458	35.5447	2	174296	5974.4	848.382	59.32	250	839
141805	6459	35.54953	2	31130	551.86	1584.4967	30.46	250	1026
141805	6460	35.55541	2	91989	1394.4	1221.5415	33.23	340	1228
141805	6461	35.56071	2	130963	25064	976.8421	357.8	176	656
141805	6462	35.5656	2	71996	2333.6	848.464	69.02	281	1143
141805	6463	35.57089	2	94722	2651.9	848.3699	41.37	225	825
141805	6464	35.57587	2	53927	1131.9	1024.6375	36.96	260	918
141805	6465	35.5814	2	66871	1619.6	1320.9459	48.44	288	1045
141805	6466	35.5868	1	2.9341E+07	361409	877.3012	25.85	1165	1165
141805	6467	35.59241	2	203858	35676	893.9396	554	296	1030
141805	6468	35.59751	2	293312	24135	1122.3826	201.6	273	896
141805	6469	35.60223	2	195345	3793.6	1112.6779	45.73	304	1074
141805	6470	35.60711	2	50613	1234.6	1470.5319	47.89	278	1181
141805	6471	35.6128	2	129709	13989	937.4007	211.9	226	780
141805	6472	35.61776	2	75716	1071.9	844.3647	27.2	288	1124
141805	6473	35.62304	2	130044	19640	997.7061	313.1	223	817
141805	6474	35.62802	2	396286	56836	1240.9182	415	210	758
141805	6475	35.63259	2	128159	3792.3	941.0502	69.96	315	1115
141805	6476	35.63777	2	92439	6254.7	1060.4106	111.2	167	684
141805	6477	35.64267	1	2.7132E+07	253139	803.5184	18.49	1141	1141
141805	6478	35.64865	2	201057	24395	1173.1948	450.9	340	1192
141805	6479	35.65397	2	229350	8947.5	588.3074	63.59	185	654
141805	6480	35.65865	2	97785	1384.5	1121.2059	31.06	352	1319
141805	6481	35.66413	2	140176	23693	1108.4617	334.6	127	440
141805	6482	35.66892	2	104383	4467.1	1080.0946	82.17	212	824
141805	6483	35.67394	2	86640	8052.4	1040.3331	209.7	253	908
141805	6484	35.67919	2	77667	2075.2	1261.321	63.53	351	1220
141805	6485	35.68491	2	48894	833.52	802.4214	25.82	249	891
141805	6486	35.69045	2	66163	1123.9	1172.8879	37.5	322	1083
141805	6487	35.69606	2	89883	1622.1	1094.45	40.35	323	1213
141805	6488	35.70121	1	2.7668E+07	255854	1131.3021	18.76	1152	1152
141805	6489	35.70713	2	69703	810.19	704.44	26.62	355	1340
141805	6490	35.71315	2	69456	1641.7	921.8211	34.83	213	789
141805	6491	35.71829	2	79565	2632.5	1161.2397	67.92	290	1049
141805	6492	35.72344	2	56312	1620.3	1580.3831	56.93	291	1100
141805	6493	35.72909	2	133718	7706.5	1240.8916	151.7	302	1095
141805	6494	35.7342	2	202276	2622.2	1054.4187	32.46	357	1258
141805	6495	35.73909	2	75190	3116.7	1094.8521	84.11	255	917
141805	6496	35.74415	2	33619	415.2	1598.8055	21.36	262	1083
141805	6497	35.75013	2	115189	6313	1240.8516	135.6	289	1114
141805	6498	35.7553	2	52304	677.1	1094.4426	27.44	340	1228
141805	6499	35.7611	1	2.7658E+07	277665	1131.1979	20.95	1185	1185
141805	6500	35.76731	2	203813	30174	1240.8794	494.4	288	1047
141805	6501	35.77228	2	247670	41509	1178.7903	557.8	300	1016
141805	6502	35.77715	2	108201	8935.3	784.7313	251.5	313	1049
141805	6503	35.78283	2	129815	3105.4	1154.8086	48.37	269	943
141805	6504	35.78773	2	22640	811.48	970.2301	64.99	220	771
141805	6505	35.79369	2	43137	509.34	1502.426	23.72	288	1119
141805	6506	35.79964	2	34892	678.53	1071.0125	30.66	229	841
141805	6507	35.80556	2	65444	873.09	1221.4573	31.34	354	1296
141805	6508	35.81147	2	101511	8064.5	830.986	153.8	141	495
141805	6509	35.81638	2	46554	496.62	951.5643	21.02	327	1122
141805	6510	35.82215	1	2.9329E+07	253230	991.8805	18.75	1181	1181
141805	6511	35.82833	2	19364	579.55	1157.678	40.48	205	746
141805	6512	35.83444	2	114174	1752.7	1054.447	29.74	290	1095
141805	6513	35.8394	2	145146	9164.7	1249.8497	171.9	289	1178
141805	6514	35.84454	2	18573	383.2	1039.5576	25.52	188	726
141805	6515	35.85066	2	92752	11712	937.4805	255.8	184	789
141805	6516	35.8558	2	87994	2713.4	1030.6423	39.47	173	671
141805	6517	35.86064	2	61788	3136.6	993.4842	96.99	232	925
141805	6518	35.8662	2	73580	878.25	837.2839	24.02	307	1088
141805	6519	35.87165	2	126503	4144.3	947.7565	81.43	278	1054
141805	6520	35.87671	2	106221	10206	851.5118	218.9	198	702
141805	6521	35.88168	1	2.6739E+07	247241	747.0187	20.7	1191	1191
141805	6522	35.88722	2	92604	1010.8	1281.4982	27.69	370	1378
141805	6523	35.89322	2	21927	550.14	1204.7509	37.72	216	877
141805	6524	35.89917	2	100694	1893.1	1212.7728	37.49	325	1135
141805	6525	35.90439	2	11962	281.77	994.2307	22.68	136	565
141805	6526	35.91051	2	42270	2704.3	993.5156	101.7	220	860
141805	6527	35.91605	2	210778	17762	1249.833	268.9	322	1171
141805	6528	35.92103	2	70908	5039.6	1071.4998	189.7	290	1043
141805	6529	35.92647	2	37984	592.18	1463.1261	31.11	316	1160
141805	6530	35.93244	2	16984	207.7	838.5963	13.49	175	709
141805	6531	35.9384	2	98540	1610.7	1120.5187	35.1	292	1038
141805	6532	35.94347	1	2.7770E+07	256486	991.6044	19.5	1168	1168
141805	6533	35.94908	2	32789	591.52	1146.104	31.15	279	1084
141805	6534	35.95507	2	97791	2927.6	1143.3597	74.89	327	1086
141805	6535	35.96051	2	43359	1453.3	819.4279	58.96	258	946
141805	6536	35.96626	2	51776	881.21	1075.2109	28.92	273	1021
141805	6537	35.972	2	58778	2080.3	1071.438	90.75	294	1072
141805	6538	35.97761	2	37179	879.9	1264.538	40.62	274	1003
141805	6539	35.98373	2	65417	1769.8	683.1633	60.48	326	1118
141805	6540	35.98962	2	126133	7544.8	1176.9224	189.7	294	975
141805	6541	35.9949	2	128133	4220.2	1090.7858	92.87	315	1160
141805	6542	36.00019	2	80851	1186.3	1284.4446	36.26	360	1260
141805	6543	36.00581	1	3.0024E+07	278867	874.2905	18.79	1174	1174
141805	6544	36.01133	2	1762.8	153.11	477.1622	10.02	19	76
141805	6545	36.01669	2	119525	2832.6	1048.0056	62.39	369	1242
141805	6546	36.02198	2	55437	872.33	1621.9661	29.16	285	1134
141805	6547	36.02753	2	27849	1132.4	1182.5988	76.55	241	880
141805	6548	36.03348	2	96142	1047.1	1284.3939	22.57	312	1194
141805	6549	36.03872	2	196627	23115	1567.6176	522	276	1030
141805	6550	36.04369	2	160592	3692.7	1221.8845	52.67	300	1115
141805	6551	36.04861	2	221953	10825	520.3	150.7	230	808
141805	6552	36.0534	2	94045	4628.7	1210.363	126	299	1149
141805	6553	36.05877	2	69444	4205.5	1128.2395	134.1	287	1062
141805	6554	36.06401	1	2.9087E+07	725199	842.5814	50.73	1162	1162
141805	6555	36.06961	2	213936	26127	1567.6696	585.9	283	993
141805	6556	36.07462	2	247974	15734	1345.9449	193.7	367	1221
141805	6557	36.07941	2	116124	2692.1	953.3612	54.28	325	1138
141805	6558	36.08448	2	20032	1812.4	345.2985	136.5	113	402
141805	6559	36.0907	2	125253	3919.2	1204.9153	84.71	356	1176
141805	6560	36.09592	2	21814	218.32	889.473	13.44	229	860
141805	6561	36.10205	2	76958	1803.4	1260.309	50.83	299	1189
141805	6562	36.1076	2	33165	493.76	875.355	25.84	257	1085
141805	6563	36.11349	2	77517	8986.2	1084.2678	285.9	332	1198
141805	6564	36.11896	2	65458	1225.7	704.375	36.92	296	1078
141805	6565	36.12417	1	2.7725E+07	621762	842.5122	48.87	1139	1139
141805	6566	36.12977	2	616030	150220	784.6827	1452	264	846
141805	6567	36.13455	2	61565	1061.4	1053.6179	35.63	283	994
141805	6568	36.14018	2	73581	1179.7	955.1818	28.04	280	959
141805	6569	36.14558	2	73618	1033.7	704.3565	31.61	352	1278
141805	6570	36.15122	2	166309	2448.1	1234.5123	32.98	301	1145
141805	6571	36.15613	2	52588	1103.6	1598.5997	43.39	304	1159
141805	6572	36.16181	2	147962	1958.9	1281.3086	30.59	333	1147
141805	6573	36.16677	2	110946	2309.1	1074.2725	46.19	320	1078
141805	6574	36.172	2	48583	2523.4	1598.6671	114.7	283	1078
141805	6575	36.17781	2	113982	3773.7	744.6584	77.88	331	1151
141805	6576	36.18285	1	2.7742E+07	356643	842.8904	29.77	1181	1181
141805	6577	36.18814	2	336192	92287	784.7186	1253	241	843
141805	6578	36.19302	2	390710	29126	1348.4552	227.1	268	1032
141805	6579	36.19766	2	213122	31209	784.5195	309.2	226	780
141805	6580	36.20253	2	154508	8738.3	1122.7844	120.3	263	871
141805	6581	36.20738	2	150735	4369.2	951.5403	71.48	284	1118
141805	6582	36.21224	2	314027	30436	1348.4618	275	252	975
141805	6583	36.21687	2	183914	21762	1410.475	339	235	774
141805	6584	36.22174	2	107374	2326.4	876.111	49.17	316	1048
141805	6585	36.22704	2	28765	584.23	1181.4629	38.97	257	918
141805	6586	36.23301	2	203063	8043.6	1097.736	106.6	316	977
141805	6587	36.23788	1	3.2428E+07	395874	1259.9287	26.04	1163	1163
141805	6588	36.24331	2	209756	8106.4	623.395	118.5	320	1098
141805	6589	36.24868	2	83782	1545.2	1217.2925	42.84	348	1216
141805	6590	36.25413	2	89732	1278.3	604.457	24.56	252	905
141805	6591	36.25921	2	16235	946.47	1181.762	72.57	157	683
141805	6592	36.2652	2	136538	3491.4	815.5214	54.64	329	1173
141805	6593	36.27024	2	186173	7288.4	1213.9844	108.9	322	1118
141805	6594	36.27525	2	229150	4621.6	801.4155	55.02	358	1248
141805	6595	36.2801	2	128231	10496	956.178	150.6	195	781
141805	6596	36.28505	2	31317	3616.2	477.3826	152.4	89	305
141805	6597	36.29079	2	114609	1940.8	1012.2912	30.11	241	846
141805	6598	36.29581	1	3.0002E+07	553909	831.6447	35.14	1129	1129
141805	6599	36.30124	2	208626	34997	1453.0228	737.2	301	1039
141805	6600	36.30615	2	272122	5528.8	615.4575	51.79	336	1173
141805	6601	36.31088	2	99867	1180.3	945.1886	25.87	316	1083
141805	6602	36.31613	2	90509	1036.5	957.6318	24.04	319	1194
141805	6603	36.32132	2	48285	704.76	826.9543	21.11	213	851
141805	6604	36.32676	2	81736	2841.7	1143.46	46.54	185	723
141805	6605	36.3317	2	114394	1759.5	1175.9583	39.19	372	1206
141805	6606	36.33692	2	70081	3181.9	794.3264	107.2	288	1068
141805	6607	36.34264	2	68931	832.22	1033.6827	23.97	311	1186
141805	6608	36.3481	2	67912	2123.6	951.5145	71.21	311	1169
141805	6609	36.35351	1	3.0141E+07	1.8333E+06	831.808	123.5	1119	1119
141805	6610	36.35941	2	104143	7050.7	1165.5918	166.8	322	1083
141805	6611	36.36498	2	87730	2485.6	1263.4849	59.09	265	963
141805	6612	36.37036	2	121208	5281.6	1221.6104	102.1	317	1132
141805	6613	36.37543	2	122832	2274.8	1034.8306	38.65	292	994
141805	6614	36.38062	2	98633	1299.4	917.4488	21.12	246	793
141805	6615	36.38567	2	303099	7767.4	979.439	76.65	350	1248
141805	6616	36.39041	2	77240	3414.4	1379.1445	93.17	252	1007
141805	6617	36.39562	2	126201	3398.9	1180.2604	51.27	273	868
141805	6618	36.40054	2	48296	982.13	1268.8948	36.26	266	945
141805	6619	36.40612	2	481765	30639	1007.303	231.5	328	1059
141805	6620	36.41074	1	2.7661E+07	1.5721E+06	832.0369	105.8	1001	1001
141805	6621	36.41663	2	17496	373.5	1064.1433	25.13	171	688
141805	6622	36.42276	2	220372	4721.7	615.3627	55.21	347	1254
141805	6623	36.42761	2	193309	6816.4	1451.5677	89.08	277	1139
141805	6624	36.43239	2	140816	2100.8	785.5126	30.74	323	1162
141805	6625	36.43729	2	123351	1704.1	999.5673	35.19	349	1235
141805	6626	36.44247	2	99852	11765	1165.155	212.5	204	816
141805	6627	36.44746	2	36786	586.3	709.1815	20.88	211	850
141805	6628	36.45317	2	67863	1162.3	932.3688	32.48	299	1115
141805	6629	36.45868	2	76692	619.94	1075.2626	15.23	324	1135
141805	6630	36.46387	2	3394.4	253.52	423.0327	12.87	21	103
141805	6631	36.46899	1	3.0129E+07	2.4382E+06	831.7811	166.7	1104	1104
141805	6632	36.47493	2	812691	61014	1006.9111	273.6	308	1072
141805	6633	36.47957	2	169783	5738.4	1093.4886	73.21	230	730
141805	6634	36.48437	2	131589	5000.7	1078.3926	97.74	287	1142
141805	6635	36.48952	2	84535	5783.3	727.3879	101.7	182	604
141805	6636	36.49446	2	632920	45368	1006.7244	180.6	240	872
141805	6637	36.499	2	9963.1	144.29	852.6436	13.88	161	585
141805	6638	36.5051	2	44378	881.96	1083.9143	39.7	311	1112
141805	6639	36.51084	2	103404	2106.2	1080.3823	44.03	320	1252
141805	6640	36.51609	2	120320	4252.9	850.2386	79.23	281	1108
141805	6641	36.52108	2	102014	4665.6	1079.4252	117	294	1200
141805	6642	36.52639	1	2.8100E+07	1.6794E+06	831.7989	128.8	1096	1096
141805	6643	36.53236	2	39371	1005.4	832.6422	42.17	253	909
141805	6644	36.5383	2	39429	1172.1	1138.756	61.91	285	1077
141805	6645	36.54432	2	46475	3621.6	1415.9165	192.3	273	1019
141805	6646	36.55004	2	47183	744.69	1045.2817	31.2	270	1087
141805	6647	36.5557	2	14489	166.7	885.8543	12.74	180	704
141805	6648	36.5618	2	112515	1891.3	1175.9451	34.84	316	1123
141805	6649	36.56681	2	123750	3637	744.1363	65.54	309	1174
141805	6650	36.57188	2	239735	6118.7	814.5958	78.47	335	1036
141805	6651	36.57691	2	21504	261.71	1266.3954	16.71	224	831
141805	6652	36.583	2	40525	993.13	1017.0751	47.89	331	1177
141805	6653	36.58897	1	2.8511E+07	647414	831.2667	53.61	1176	1176
141805	6654	36.59498	2	176275	11645	1415.4418	175.5	267	1146
141805	6655	36.59986	2	101933	1163.9	1393.6562	26.98	362	1285
141805	6656	36.60535	2	102608	1241.6	1429.8737	27.39	321	1118
141805	6657	36.61056	2	60408	1887.8	848.4542	63.81	276	1102
141805	6658	36.61608	2	127932	3022.8	848.3511	37.53	228	843
141805	6659	36.621	2	33611	524.06	1092.7952	26.67	241	850
141805	6660	36.62698	2	113512	1298.1	1255.5255	27.79	347	1245
141805	6661	36.6324	2	42353	681.46	876.2563	30.39	291	1078
141805	6662	36.63844	2	77033	2195.9	973.3834	63.7	304	985
141805	6663	36.6439	2	72121	2388	1297.3245	66.9	299	1119
141805	6664	36.6492	1	2.6220E+07	716526	949.7534	72.21	1262	1262
141805	6665	36.65488	2	245698	13183	588.3293	142.1	235	752
141805	6666	36.65978	2	92960	1617.1	848.5039	25.88	249	806
141805	6667	36.66479	2	252719	13044	1093.4467	103.9	201	695
141805	6668	36.66947	2	27007	427.89	966.132	25.77	234	841
141805	6669	36.67546	2	124332	5676.2	1241.4497	119.5	341	1166
141805	6670	36.68079	2	112452	2157.8	836.4219	41.48	314	1154
141805	6671	36.68591	2	36214	684.57	1668.6266	37.07	271	978
141805	6672	36.6917	2	51869	654.48	1155.741	20.5	246	909
141805	6673	36.69715	2	36042	958.99	772.5196	50.63	252	884
141805	6674	36.70317	2	118897	4595.3	1122.8219	70.28	246	868
141805	6675	36.70802	1	2.1491E+07	344490	1265.6151	26.7	1111	1111
141805	6676	36.71356	2	79547	1186.4	1366.5864	42.94	431	1332
141805	6677	36.71961	2	12373	297.46	1150.7498	24.06	155	695
141805	6678	36.7256	2	207840	7774.5	1122.2976	92.44	291	982
141805	6679	36.73051	2	102436	3142	819.3288	71.47	359	1187
141805	6680	36.73601	2	120858	3540.6	1257.4833	62.91	288	1064
141805	6681	36.741	2	104825	4139.6	815.4878	90.54	308	1154
141805	6682	36.74632	2	130783	3156.8	904.6553	49.31	290	1093
141805	6683	36.75131	2	62383	1232.5	1519.7738	44.26	342	1259
141805	6684	36.75715	2	86269	676.56	1114.7595	18.38	375	1259
141805	6685	36.76257	2	45498	518.52	1263.4105	16.1	231	854
141805	6686	36.76789	1	2.4914E+07	286657	1124.7448	24.37	1148	1148
141805	6687	36.77385	2	130162	10068	462.3069	294.5	294	920
141805	6688	36.7795	2	48242	5244.1	1415.9607	226.6	238	904
141805	6689	36.78493	2	83953	2905.3	1397.3534	80.58	319	1211
141805	6690	36.79049	2	178067	8485.5	1353.7892	134.9	368	1248
141805	6691	36.79553	2	24854	366.39	1133.4172	23.56	225	1025
141805	6692	36.80155	2	105600	1611.9	630.3162	29.71	281	1012
141805	6693	36.80661	2	75388	3150.7	1506.4713	78.62	244	1103
141805	6694	36.81178	2	91744	1313.9	890.2216	26.92	275	985
141805	6695	36.81705	2	138619	5164.5	1354.576	83.11	314	1168
141805	6696	36.82209	2	24858	479.25	1014.405	25.49	203	819
141805	6697	36.82792	1	2.3982E+07	288502	1124.8622	23.96	1090	1090
141805	6698	36.83414	2	146523	12429	670.4014	270.4	238	911
141805	6699	36.83954	2	28465	673.8	1252.4634	34.62	226	809
141805	6700	36.84529	2	69042	1085.8	1055.2471	32.06	319	1193
141805	6701	36.85064	2	123091	3951.5	1006.4421	79.05	321	1202
141805	6702	36.85592	2	80132	854.09	744.7077	21.66	307	1207
141805	6703	36.86143	2	100219	4159	1182.3832	84.8	279	1095
141805	6704	36.86659	2	70943	2147.2	802.1851	62.47	285	1131
141805	6705	36.87188	2	90821	2626.7	1317.9403	69.24	355	1200
141805	6706	36.87737	2	166332	6825	462.3028	126.4	293	1141
141805	6707	36.88233	2	111635	2034.2	1212.5156	43.88	352	1294
141805	6708	36.88795	1	2.3845E+07	369316	1124.942	32.71	1153	1153
141805	6709	36.894	2	88238	13109	1364.1453	449.4	347	1309
141805	6710	36.90005	2	261948	6766.3	1106.8018	81.45	355	1207
141805	6711	36.90488	2	99217	2531	1054.2222	63.45	317	1162
141805	6712	36.91013	2	148869	4535.5	1353.3549	73.04	329	1174
141805	6713	36.91509	2	54447	2279.7	848.4556	99.21	273	1062
141805	6714	36.92081	2	477387	22324	1019.7303	163.5	346	1174
141805	6715	36.92543	2	55779	1905.6	987.4688	76.66	287	1127
141805	6716	36.9311	2	28125	658.59	1040.2505	37.17	231	822
141805	6717	36.93724	2	104994	1576.4	1120.439	37.81	343	1123
141805	6718	36.9426	2	171256	6471.6	1221.6211	105.5	322	1148
141805	6719	36.94755	1	2.4688E+07	420839	826.4271	32.69	1123	1123
141805	6720	36.95338	2	109674	1514.2	1507.5217	31.25	304	1134
141805	6721	36.95868	2	88166	2493.1	1488.6266	62.12	359	1210
141805	6722	36.96391	2	93525	977.45	1257.5349	18.61	303	1044
141805	6723	36.96904	2	140774	5207.6	1038.4991	77.45	293	1068
141805	6724	36.9739	2	35914	1393.4	987.4706	70.37	261	1106
141805	6725	36.97991	2	104306	3129.2	1038.4818	66.04	325	1215
141805	6726	36.9851	2	82944	2286.2	854.7336	53.69	290	957
141805	6727	36.99035	2	25272	1129.5	993.5125	68.99	223	837
141805	6728	36.99646	2	56677	1695.9	1070.2306	47.55	240	910
141805	6729	37.00188	2	68075	1318.7	1278.6357	40.79	323	1097
141805	6730	37.00733	1	2.6381E+07	358444	826.2325	30.09	1191	1191
141805	6731	37.0139	2	149138	4920.1	1053.6509	96.51	337	1152
141805	6732	37.01886	2	33410	427.18	1182.2883	22.57	272	1083
141805	6733	37.02483	2	20761	202.32	1389.45	13.94	235	768
141805	6734	37.03093	2	369974	22743	1362.8746	217.2	300	1093
141805	6735	37.03561	2	102987	15915	937.7559	309.3	173	650
141805	6736	37.04062	2	100922	2822.7	744.3054	60.92	332	1188
141805	6737	37.04583	2	57573	1493	1019.188	52.71	297	1006
141805	6738	37.05144	2	63606	1369.1	422.2594	30.25	220	822
141805	6739	37.05655	2	26636	341.65	893.6347	19.22	231	921
141805	6740	37.06263	2	23728	405.09	993.4576	26.59	228	846
141805	6741	37.0686	1	2.6393E+07	588721	1204.9613	47.01	1144	1144
141805	6742	37.07402	2	31150	4124.1	1452.9368	268	200	852
141805	6743	37.07998	2	70034	1899.7	884.2181	60.8	270	930
141805	6744	37.08541	2	88765	741.48	1386.0344	19.07	376	1221
141805	6745	37.09085	2	83445	3772.1	1138.3322	101.7	297	991
141805	6746	37.09633	2	84314	720.88	1103.3429	20.48	391	1263
141805	6747	37.10183	2	187855	6821.3	1038.5138	76.93	237	779
141805	6748	37.10664	2	52363	492.42	1156.0983	19.05	314	1201
141805	6749	37.11246	2	1413.2	72.627	750.5242	7.592	20	109
141805	6750	37.11829	2	61179	1508.1	1140.6381	50.52	304	1184
141805	6751	37.12386	2	68094	3330.4	543.3185	100	275	966
141805	6752	37.12915	1	2.7609E+07	648492	1205.0969	42.29	1163	1163
141805	6753	37.13546	2	19274	307.86	787.7963	19.83	207	733
141805	6754	37.14137	2	33953	603.23	1084.3063	29.21	257	997
141805	6755	37.14735	2	73487	790.49	1053.5719	22.34	302	1102
141805	6756	37.15287	2	87690	784.11	1019.2567	18.28	322	1244
141805	6757	37.15821	2	40716	380.73	1139.3048	18.05	307	1178
141805	6758	37.16428	2	56770	3498.7	1216.1378	121.7	274	1038
141805	6759	37.16989	2	77623	511.43	1092.4177	12.58	327	1194
141805	6760	37.17523	2	31875	421.62	1217.5137	20.93	256	933
141805	6761	37.1813	2	115743	1776.8	1078.6677	37.1	377	1273
141805	6762	37.18668	2	69514	2543.4	1241.3192	80.48	340	1155
141805	6763	37.19238	1	2.5282E+07	586981	1204.8356	47.46	1152	1152
141805	6764	37.19812	2	92454	1474.7	743.4911	43.52	376	1394
141805	6765	37.20395	2	155814	7406.5	1345.7476	108.1	298	1031
141805	6766	37.20874	2	89183	2956.1	1180.3646	87.29	311	1217
141805	6767	37.21412	2	54976	482.61	704.3322	20.28	388	1297
141805	6768	37.2202	2	100390	2902.3	1489.6492	73.06	372	1408
141805	6769	37.22609	2	11126	198.29	952.0342	17.33	156	573
141805	6770	37.23222	2	189663	6066	1078.2413	77.47	351	1194
141805	6771	37.23719	2	79934	1135.8	1051.635	30.85	338	1239
141805	6772	37.24268	2	52560	1128.7	1056.0801	40.33	282	1181
141805	6773	37.24828	2	38524	762.07	1075.6173	33.85	266	1021
141805	6774	37.25432	1	2.3201E+07	328759	966.3553	28.15	1139	1139
141805	6775	37.25999	2	143170	6731.7	1039.4072	127	313	1087
141805	6776	37.26537	2	385867	13524	1265.7931	113.1	369	1204
141805	6777	37.27013	2	91609	907.38	988.8318	24.47	385	1291
141805	6778	37.27585	2	94474	2295.5	1093.4819	48.69	299	1108
141805	6779	37.28106	2	207192	10622	1020.1323	128.6	301	1089
141805	6780	37.28584	2	35645	2832.5	1187.6138	136.6	250	869
141805	6781	37.29177	2	32498	2876.5	685.4197	107.5	84	287
141805	6782	37.29703	2	66609	615.06	1421.8267	20.21	357	1302
141805	6783	37.30305	2	40448	4386.4	1135.2899	248	251	899
141805	6784	37.30915	2	106128	2108.8	1145.5354	44.77	295	990
141805	6785	37.31433	1	2.3592E+07	407698	966.5214	39.43	1155	1155
141805	6786	37.31959	2	79666	3782.6	1019.5308	120.3	345	1278
141805	6787	37.32563	2	243035	4765.8	1532.9579	47.84	330	1245
141805	6788	37.33038	2	28762	740.39	1827.8845	47.87	229	919
141805	6789	37.33622	2	125029	2523.4	1039.5004	44.5	301	1105
141805	6790	37.34116	2	98778	2019.4	743.4444	42.24	301	1129
141805	6791	37.34616	2	33776	1086.5	935.5411	52.45	220	800
141805	6792	37.35186	2	88296	2786.2	897.6606	57.26	229	857
141805	6793	37.35706	2	80536	1039.5	1123.6914	24.96	326	1197
141805	6794	37.3624	2	126413	4094.7	1098.5475	87.81	354	1170
141805	6795	37.36776	2	83627	1471.8	785.3136	34.53	279	957
141805	6796	37.37303	1	2.5653E+07	559484	1054.2598	43.67	1163	1163
141805	6797	37.37973	2	93132	3471.7	853.5461	103.6	325	1082
141805	6798	37.38591	2	875615	87562	1345.3751	366.3	278	990
141805	6799	37.3904	2	112785	1989	870.1937	39.26	322	1132
141805	6800	37.39566	2	102697	3327.7	1122.1382	76.23	330	1163
141805	6801	37.40099	2	29873	367.36	746.325	18.19	236	835
141805	6802	37.40662	2	84714	1996.3	1266.8625	50.05	309	1110
141805	6803	37.41175	2	57512	889.85	898.1367	30.05	290	991
141805	6804	37.41732	2	80885	1188.3	1225.1775	30.21	323	1228
141805	6805	37.42285	2	14402	285.71	1800.7756	23.78	174	730
141805	6806	37.42879	2	23210	858.15	1188.7262	60.59	205	884
141805	6807	37.43471	1	2.7154E+07	814649	1054.197	62.65	1143	1143
141805	6808	37.44128	2	275543	5423.7	1209.2141	59.01	389	1287
141805	6809	37.44626	2	133297	4427.1	1301.2262	77.58	345	1204
141805	6810	37.45137	2	60518	670.89	1280.3354	20.91	315	1127
141805	6811	37.45679	2	98486	1385.7	947.9258	23.36	251	854
141805	6812	37.4618	2	24650	237.24	1200.9832	15.19	267	976
141805	6813	37.46775	2	16965	317.62	1115.4941	23.93	187	783
141805	6814	37.47372	2	17149	238.19	871.5037	17.23	197	741
141805	6815	37.47984	2	16978	324.94	1228.9944	26.04	195	818
141805	6816	37.4858	2	80231	1415.7	897.5617	39.8	320	1095
141805	6817	37.49129	2	62862	840.17	948.7893	21.78	273	943
141805	6818	37.49665	1	2.6198E+07	856911	1054.0177	65.46	1153	1153
141805	6819	37.50223	2	100415	2902.6	744.8511	68.47	312	1015
141805	6820	37.50792	2	102542	855.65	1267.682	18.6	349	1271
141805	6821	37.51326	2	64597	2957.2	1488.592	96.15	313	1168
141805	6822	37.51883	2	91250	2253.8	1240.8413	50.93	318	1170
141805	6823	37.52425	2	52355	4034	1155.057	177.5	301	1185
141805	6824	37.5302	2	50231	1145.2	1154.0916	45.91	284	1191
141805	6825	37.53596	2	76967	3609.5	934.2048	126.8	298	1122
141805	6826	37.54141	2	97967	804.19	1087.6548	18.28	361	1286
141805	6827	37.54679	2	76606	3909.4	1055.5149	108.7	339	1216
141805	6828	37.55228	2	63466	3136.7	1090.2583	119.2	308	1146
141805	6829	37.55791	1	2.4322E+07	807624	1054.3879	64.3	1163	1163
141805	6830	37.56276	2	162328	3527.5	1232.8132	58.6	367	1240
141805	6831	37.56795	2	65757	1444.6	1038.495	29.42	184	742
141805	6832	37.57296	2	87250	1064.8	1295.0483	26	320	1191
141805	6833	37.57821	2	158518	6659.6	1039.1564	92.29	263	899
141805	6834	37.58309	2	71941	913.63	1336.801	25.22	336	1138
141805	6835	37.58836	2	153977	1977.8	933.4136	28.39	337	1143
141805	6836	37.59335	2	43762	2975.7	1187.5756	101.8	223	895
141805	6837	37.59892	2	33499	520.82	1268.7252	23.8	234	909
141805	6838	37.60477	2	155613	5845	744.2358	86.28	322	1189
141805	6839	37.60972	2	21785	541.97	1039.1604	35.43	194	734
141805	6840	37.61578	1	2.5272E+07	356429	1090.0144	30.17	1187	1187
141805	6841	37.62114	2	46415	6762.4	1142.7061	332.4	295	1166
141805	6842	37.62712	2	60697	2345.2	939.5852	78.82	272	952
141805	6843	37.63277	2	99440	2733.2	1111.7007	65.84	338	1148
141805	6844	37.63815	2	58920	1541.4	933.9644	59.49	286	1086
141805	6845	37.64369	2	20137	303.24	840.0867	18.98	198	746
141805	6846	37.64974	2	73863	2684	1079.4674	75.33	243	884
141805	6847	37.65512	2	71026	1032.4	899.4877	28.2	320	1188
141805	6848	37.66087	2	29543	834.03	1132.5359	44.82	227	814
141805	6849	37.66701	2	43183	332.39	1106.7761	15	323	1187
141805	6850	37.673	2	44139	367.77	1623.0345	16.98	319	1176
141805	6851	37.67891	1	2.5703E+07	239688	1109.2859	20.3	1178	1178
141805	6852	37.68493	2	113761	2302.2	1103.5879	59.12	421	1382
141805	6853	37.69093	2	15812	186.88	1220.2419	15.72	195	813
141805	6854	37.69692	2	38676	1499.2	1563.5414	61.44	220	865
141805	6855	37.70258	2	109861	10441	854.2408	203.2	290	1050
141805	6856	37.70779	2	309094	17097	1038.4742	169.8	307	1082
141805	6857	37.71254	2	105274	10665	734.7685	180.3	227	830
141805	6858	37.71755	2	37444	2138.7	944.4418	94.38	230	822
141805	6859	37.72327	2	48889	779.92	1333.2152	32.35	308	1152
141805	6860	37.72934	2	140667	8199.2	1052.8379	156.2	369	1285
141805	6861	37.73449	2	41037	683.33	1139.3939	33.63	315	1200
141805	6862	37.74041	1	2.5994E+07	265277	911.4977	19.65	1115	1115
141805	6863	37.74641	2	43559	2575.9	979.2229	139.4	273	991
141805	6864	37.75253	2	83848	2705	419.2301	45.63	166	601
141805	6865	37.75748	2	66428	3506.2	1057.0048	100.6	289	1170
141805	6866	37.76299	2	74479	1772.4	1205.2878	50.17	327	1231
141805	6867	37.7685	2	34114	2421.9	1142.3025	129.7	275	1128
141805	6868	37.77451	2	59460	1680.2	843.5775	43.89	214	727
141805	6869	37.77974	2	85511	2165.7	1122.7422	52.14	301	1031
141805	6870	37.78517	2	99281	1155.5	1148.7205	25.89	359	1197
141805	6871	37.79044	2	186024	2849.8	1012.3586	34.13	363	1202
141805	6872	37.79533	2	119076	1660.7	1296.7067	28.05	326	1192
141805	6873	37.80034	1	2.3559E+07	323814	1109.6484	25.79	1110	1110
141805	6874	37.80638	2	19917	168.69	820.6168	11.4	229	791
141805	6875	37.8125	2	102123	3106.6	1360.7507	81.77	337	1206
141805	6876	37.81792	2	86160	2515.1	1401.6176	66.08	350	1266
141805	6877	37.82342	2	68676	2015.6	1028.1974	56.46	268	936
141805	6878	37.82883	2	47806	708.89	1243.5219	31.06	317	1023
141805	6879	37.83473	2	126651	4821.3	685.3621	86.32	265	867
141805	6880	37.83976	2	52319	817.13	1111.7643	33.65	348	1272
141805	6881	37.84569	2	110721	2299.2	744.076	48.63	365	1273
141805	6882	37.851	2	26067	1240.5	1460.6367	81.69	248	934
141805	6883	37.85696	2	88714	944.36	1333.2343	23.04	362	1293
141805	6884	37.86238	1	2.3772E+07	249801	1109.5638	20.2	1176	1176
141805	6885	37.86841	2	22066	1793.6	802.2764	116.6	203	802
141805	6886	37.87456	2	3487.9	163.01	685.2958	17.64	50	186
141805	6887	37.88078	2	64683	671.13	1394.3494	20.76	329	1221
141805	6888	37.88636	2	39379	2759.6	1014.4383	153.5	279	975
141805	6889	37.89244	2	52916	793.86	1094.4316	30.94	316	1228
141805	6890	37.89848	2	67448	1767.7	1037.8865	63.24	337	1239
141805	6891	37.90422	2	77361	1488.7	1296.736	38.26	306	1230
141805	6892	37.90969	2	108357	3072.2	1212.6504	60.08	307	1179
141805	6893	37.91498	2	13673	155.48	1221.4261	11.77	160	746
141805	6894	37.92097	2	338269	13111	1039.5385	138.8	314	1164
141805	6895	37.9257	1	2.3106E+07	236800	1109.7493	19.18	1184	1184
141805	6896	37.93085	2	43825	506.71	1140.0779	22.29	310	1222
141805	6897	37.93687	2	103123	1482.4	1212.8318	35.14	364	1269
141805	6898	37.94247	2	77670	1175.9	1621.8414	30.12	307	1092
141805	6899	37.94759	2	108535	1620.1	1294.4919	37.7	351	1331
141805	6900	37.95292	2	93927	2304.4	901.0947	54.41	294	985
141805	6901	37.9581	2	109711	1808.7	1326.4344	34.51	307	1091
141805	6902	37.96318	2	79721	583.22	910.4956	15.46	363	1275
141805	6903	37.96864	2	43653	2018	1188.5979	87.43	266	962
141805	6904	37.97466	2	32130	445.98	1363.7371	24.42	259	1090
141805	6905	37.98064	2	74734	986.45	728.7686	25.11	298	1057
141805	6906	37.98572	1	2.4148E+07	242229	1109.2522	19.48	1185	1185
141805	6907	37.99115	2	116428	7429.1	1052.8263	204.5	398	1405
141805	6908	37.99716	2	44814	779.94	1130.8055	32.95	303	1055
141805	6909	38.00311	2	170821	3033.7	1037.4491	44.66	363	1313
141805	6910	38.0082	2	67635	634.84	1038.3503	19.33	327	1264
141805	6911	38.01391	2	124737	12566	1323.0983	242.1	320	1106
141805	6912	38.01896	2	102341	2882.5	685.366	57.22	231	861
141805	6913	38.02406	2	76769	3023.2	979.2769	68.73	231	880
141805	6914	38.02931	2	35423	630.42	1140.6102	31.95	276	1118
141805	6915	38.03531	2	27510	341.75	1584.6058	21.21	265	1001
141805	6916	38.04128	2	200303	2680.4	1194.705	32.99	348	1213
141805	6917	38.04619	1	2.0458E+07	194626	879.5875	18.45	1145	1145
141805	6918	38.05157	2	102579	2212.6	1037.527	55.41	372	1408
141805	6919	38.05767	2	131717	21280	937.6732	451.2	175	627
141805	6920	38.06263	2	45817	620.08	887.4385	20.9	246	893
141805	6921	38.06812	2	19718	270.92	1107.3683	17.47	191	798
141805	6922	38.07421	2	119096	5734.5	647.3772	116.4	320	1223
141805	6923	38.07972	2	61781	970.04	851.9156	31.54	283	1041
141805	6924	38.08527	2	33071	539.18	1180.4622	30.06	277	1092
141805	6925	38.09129	2	39609	451.29	1211.7109	17	241	853
141805	6926	38.09692	2	117837	4404.8	894.2621	107.9	317	1009
141805	6927	38.10228	2	54470	1331.2	1211.7272	50.48	298	1143
141805	6928	38.10795	1	2.3849E+07	205805	1009.8815	16.52	1164	1164
141805	6929	38.11296	2	98204	1197.6	1103.0404	36.01	436	1421
141805	6930	38.11901	2	100085	2188.1	1192.9988	38.46	258	1053
141805	6931	38.12402	2	59507	1670.8	1103.3457	60.61	310	1173
141805	6932	38.12964	2	58059	3613.2	1387.613	144	271	1094
141805	6933	38.13516	2	102303	1664.6	1089.5591	34.41	303	1134
141805	6934	38.14025	2	100224	1427.7	1245.8234	30.99	334	1174
141805	6935	38.14555	2	88252	4841.7	1137.9755	111.4	246	928
141805	6936	38.15074	2	57871	529.88	893.2037	20.36	362	1178
141805	6937	38.15674	2	45457	1992.3	821.4234	80.65	245	860
141805	6938	38.16263	2	36491	1043.9	1243.3096	52.08	259	926
141805	6939	38.16854	1	2.5086E+07	267837	1010.0627	19.09	1142	1142
141805	6940	38.17465	2	41277	2124.6	1117.1196	104.5	300	1084
141805	6941	38.18072	2	76978	1155.4	994.3201	29.73	316	1183
141805	6942	38.18619	2	33146	403.38	1203.3523	22.21	282	1083
141805	6943	38.19223	2	100455	2959.9	855.3242	62.97	282	1067
141805	6944	38.19755	2	32091	496.01	1169.8066	25.77	263	1061
141805	6945	38.20353	2	56036	4259.7	1072.3424	155.6	263	976
141805	6946	38.20927	2	132069	8846.6	1130.2018	145.1	252	923
141805	6947	38.21428	2	22180	819.04	929.5259	54.9	193	871
141805	6948	38.22022	2	56853	698.22	630.4036	24.29	298	1089
141805	6949	38.22606	2	9979.6	923.56	804.1794	83.75	90	385
141805	6950	38.23217	1	2.4934E+07	378479	1171.1418	30.35	1161	1161
141805	6951	38.23774	2	116554	1983.5	1064.6763	48.58	414	1387
141805	6952	38.24378	2	83558	3175.7	694.5894	50.12	201	726
141805	6953	38.24871	2	142625	7795.7	1130.6343	112.1	265	890
141805	6954	38.25364	2	122752	3743.1	1133.7368	68.74	281	931
141805	6955	38.25868	2	135821	4663.3	994.1681	86.54	364	1233
141805	6956	38.2641	2	155937	5910.2	1270.6948	112.7	345	1108
141805	6957	38.26936	2	182891	17947	1388.6047	379.8	273	1096
141805	6958	38.27442	2	92129	7406.4	854.4301	169.5	306	1047
141805	6959	38.27982	2	66490	1645.3	1503.5237	48.9	256	1028
141805	6960	38.28508	2	134476	6827.7	1185.7367	136.2	319	1186
141805	6961	38.29012	1	2.3485E+07	461860	1170.931	39.48	1092	1092
141805	6962	38.29607	2	131358	14228	990.6689	438.6	367	1308
141805	6963	38.30194	2	143120	3410.6	702.3534	67.64	335	1239
141805	6964	38.30719	2	113621	1699.9	988.5861	31.79	302	1160
141805	6965	38.31227	2	72186	1551	1471.9652	49.46	310	1118
141805	6966	38.31764	2	28306	1953	1234.1526	112.1	225	809
141805	6967	38.32354	2	109190	1041	1104.3291	20.23	354	1188
141805	6968	38.32873	2	27530	530.88	845.0366	29.57	255	916
141805	6969	38.33484	2	59918	1994.1	921.9305	50.94	200	746
141805	6970	38.34017	2	2977.6	296.05	567.6245	28.85	40	175
141805	6971	38.34639	2	43955	377.4	1129.8733	16.2	336	1196
141805	6972	38.35231	1	2.5415E+07	1.1181E+06	1171.3348	86.66	1160	1160
141805	6973	38.3585	2	136130	13337	1060.7565	378.2	421	1341
141805	6974	38.3644	2	112528	6916.5	977.4998	125	241	862
141805	6975	38.36945	2	42055	728.61	1173.2471	37.24	315	1118
141805	6976	38.37545	2	112043	3054.3	821.1965	64.97	282	905
141805	6977	38.38067	2	96285	5359.1	1322.1141	122.4	317	1142
141805	6978	38.38583	2	46028	1102.4	733.2569	51.72	295	1175
141805	6979	38.3918	2	141791	3118.7	1063.7336	50.01	318	1201
141805	6980	38.3969	2	85654	4647.6	918.687	98.98	243	852
141805	6981	38.40208	2	47862	863.21	1199.2927	34.03	309	1124
141805	6982	38.40807	2	31763	956.78	1135.5939	47.32	225	855
141805	6983	38.41401	1	2.6249E+07	1.3012E+06	1171.2944	111	1184	1184
141805	6984	38.41978	2	1.1611E+06	57387	1092.8776	320.8	406	1362
141805	6985	38.42445	2	494444	26975	1092.668	194.2	297	1074
141805	6986	38.42902	2	278383	31313	1387.5923	445.9	298	1060
141805	6987	38.43381	2	75590	2293.7	1203.2826	64.43	311	1053
141805	6988	38.43943	2	124058	6650.3	1371.4537	131.6	321	1149
141805	6989	38.44455	2	206991	7026.2	967.7289	89.42	294	1124
141805	6990	38.44944	2	30140	350.85	1052.4873	17	242	842
141805	6991	38.45539	2	145311	8614.4	1412.5938	143.8	272	1043
141805	6992	38.46027	2	65661	1086.3	1089.4138	33.72	291	985
141805	6993	38.46577	2	35813	1420.5	1460.629	85.89	264	1041
141805	6994	38.47174	1	2.4458E+07	896133	1171.7137	74.42	1094	1094
141805	6995	38.47774	2	103396	1690.3	1098.563	46.79	409	1407
141805	6996	38.48379	2	91778	16856	915.1542	441.6	207	750
141805	6997	38.48905	2	93641	4516.6	756.1197	94.67	229	851
141805	6998	38.49425	2	95901	1972	952.5366	43.58	305	1023
141805	6999	38.49967	2	38836	396.67	912.6112	18.61	314	1070
